date,states,positive,negative,posNeg,pending,hospitalized,death,total,hash,dateChecked,totalTestResults,deathIncrease,hospitalizedIncrease,negativeIncrease,positiveIncrease,totalTestResultsIncrease
20200401,56,210770,939190,1149960,59687,31142,4700,1209647,7bc80be03882b9c9726ceb96fb7421ab320a720c,2020-04-01T20:00:00Z,1149960,954,4482,74989,26000,100989
20200331,56,184770,864201,1048971,59529,26660,3746,1108500,6e89ec462c3604565275d355a0dae3e8ddb484c5,2020-03-31T20:00:00Z,1048971,807,4357,79877,24240,104117
20200330,56,160530,784324,944854,65382,22303,2939,1010236,5d6b80da84d18b345f21f914f55a72520c680310,2020-03-30T20:00:00Z,944854,511,2573,92034,21469,113503
20200329,56,139061,692290,831351,65549,19730,2428,896900,0bcb1178e16a889408a98222caae4bd49fe3d9b8,2020-03-29T20:00:00Z,831351,463,3001,74820,20827,95647
20200328,56,118234,617470,735704,65712,16729,1965,801416,a54933aec2de2cb0f418ffbc85c6c58d7481be77,2020-03-28T20:00:00Z,735704,435,3011,90250,18821,109071
20200327,56,99413,527220,626633,60094,13718,1530,686727,5e9611f927d035074ac65594ad30669ef8299d75,2020-03-27T20:00:00Z,626633,367,3587,88617,18678,107295
20200326,56,80735,438603,519338,60251,10131,1163,579589,77e73bd9ca5316e76685e4fd31fd7adbd7ba4f45,2020-03-26T20:00:00Z,519338,263,3995,80999,16807,97806
20200325,56,63928,357604,421532,51235,6136,900,472767,99e1bdff6a809d12b2e76a9e7c8a678d32a6f670,2020-03-25T20:00:00Z,421532,225,1668,64846,11974,76820
20200324,56,51954,292758,344712,14433,4468,675,359145,eaedae24caa3d2c2dcbad823b248b729972e9960,2020-03-24T20:00:00Z,344712,204,1143,55437,9802,65239
20200323,56,42152,237321,279473,14571,3325,471,294044,cca0aa4d7ad5221bf9e3b542fb56c03418b79874,2020-03-23T20:00:00Z,279473,73,771,43858,10273,54131
20200322,56,31879,193463,225342,2842,2554,398,228184,4ddfea6db6efb8e01a42ec214683d40e027d6ca4,2020-03-22T20:00:00Z,225342,126,590,37554,8682,46236
20200321,56,23197,155909,179106,3477,1964,272,182583,39478e9dce6b5cc5aaad9f739717901eedb39f37,2020-03-21T20:00:00Z,179106,53,1964,37762,6164,43926
20200320,56,17033,118147,135180,3336,,219,138516,aaf56d31162893b8ed4088e8e5fea3d12abf347c,2020-03-20T20:00:00Z,135180,59,0,28996,5314,34310
20200319,56,11719,89151,100870,3025,,160,103895,37f94ef9ccc8bf3caeea55fe28d09c4ef84b36a5,2020-03-19T20:00:00Z,100870,48,0,22926,3989,26915
20200318,56,7730,66225,73955,2538,,112,76493,6ba9221454932967dfcd905939935279ddaa60bc,2020-03-18T20:00:00Z,73955,22,0,18621,2008,20629
20200317,56,5722,47604,53326,1687,,90,55013,e66c57fc75d95d080e628c0e8452a1840d5d332e,2020-03-17T20:00:00Z,53326,19,0,11500,1703,13203
20200316,56,4019,36104,40123,1691,,71,41814,b8efad181c27ce451d40d1b430de99a21620d602,2020-03-16T20:00:00Z,40123,11,0,13553,846,14399
20200315,51,3173,22551,25724,2242,,60,27966,3e3820fc7fbe88e923060a7b75c8506fe797a00c,2020-03-15T20:00:00Z,25724,11,0,5449,723,6172
20200314,51,2450,17102,19552,1236,,49,20788,7d5dd816ce2a12c70efa317e2a82966ea55c769f,2020-03-14T20:00:00Z,19552,10,0,3489,528,4017
20200313,51,1922,13613,15535,1130,,39,16665,be4544684940c3f794b18f508ee5627717c1520b,2020-03-13T20:00:00Z,15535,3,0,5572,607,6179
20200312,51,1315,8041,9356,673,,36,10029,30ec5dc148643abf3ced48dfa6d82ec64a99432f,2020-03-12T20:00:00Z,9356,9,0,1971,261,2232
20200311,51,1054,6070,7124,563,,27,7687,581a6c0bc949b6370aa39e1347432cd9cb2b46f1,2020-03-11T20:00:00Z,7124,3,0,2263,276,2539
20200310,51,778,3807,4585,469,,24,5054,da0e9ca320a29131240a2c625ce7f85d782158ef,2020-03-10T20:00:00Z,4585,2,0,440,194,634
20200309,51,584,3367,3951,313,,22,4264,e8248301bc340ceaffd5215b2534f4a35c0fad72,2020-03-09T20:00:00Z,3951,4,0,1032,167,1199
20200308,51,417,2335,2752,347,,18,3099,88abd548fe51dab3e776e82ab3edb6fa5e027163,2020-03-08T20:00:00Z,2752,2,0,526,76,602
20200307,51,341,1809,2150,602,,16,2752,b1ccd682e30c0771bdaff79fafbd826d1b557208,2020-03-07T21:00:00Z,2150,2,0,238,118,356
20200306,36,223,1571,1794,458,,14,2252,08508cac7c5e6e4d05d7de0e5452730993c26fde,2020-03-06T21:00:00Z,1794,3,0,618,47,665
20200305,24,176,953,1129,197,,11,1326,80337e101254add5a0b8dbe9f4b3dbec9a557276,2020-03-05T21:00:00Z,1129,1,0,205,58,263
20200304,14,118,748,866,103,,10,969,e146db30df050e0bba604981660c044275471bad,2020-03-04T21:00:00Z,866,,,,,