Date,Confirmed,Deaths,Recovered,Active,New cases,New deaths,New recovered,Deaths / 100 Cases,Recovered / 100 Cases,Deaths / 100 Recovered,Country Number
2020-01-22,555,17,28,510,0,0,0,3.06,5.05,60.71,6
2020-01-23,654,18,30,606,99,1,2,2.75,4.59,60.0,8
2020-01-24,941,26,35,880,287,8,5,2.76,3.72,74.29,9
2020-01-25,1434,42,38,1354,493,16,3,2.93,2.65,110.53,11
2020-01-26,2118,56,51,2011,684,14,13,2.64,2.41,109.8,13
2020-01-27,2927,82,58,2787,809,26,7,2.8,1.98,141.38,16
2020-01-28,5578,131,103,5344,2651,49,45,2.35,1.85,127.18,16
2020-01-29,6166,133,120,5913,588,2,17,2.16,1.95,110.83,18
2020-01-30,8234,171,136,7927,2068,38,16,2.08,1.65,125.74,20
2020-01-31,9926,213,209,9504,1692,42,73,2.15,2.11,101.91,23
2020-02-01,12038,259,266,11513,2112,46,57,2.15,2.21,97.37,25
2020-02-02,16787,362,443,15982,4749,103,177,2.16,2.64,81.72,25
2020-02-03,19887,426,586,18875,3100,64,143,2.14,2.95,72.7,25
2020-02-04,23898,492,799,22607,4011,66,213,2.06,3.34,61.58,26
2020-02-05,27643,564,1043,26036,3745,72,244,2.04,3.77,54.07,26
2020-02-06,30802,634,1377,28791,3159,70,334,2.06,4.47,46.04,26
2020-02-07,34334,719,1847,31768,3532,85,470,2.09,5.38,38.93,26
2020-02-08,37068,806,2397,33865,2734,87,550,2.17,6.47,33.63,26
2020-02-09,40095,906,2979,36210,3027,100,582,2.26,7.43,30.41,26
2020-02-10,42633,1013,3615,38005,2538,107,636,2.38,8.48,28.02,26
2020-02-11,44675,1113,4308,39254,2042,100,693,2.49,9.64,25.84,26
2020-02-12,46561,1118,4722,40721,1886,5,414,2.4,10.14,23.68,26
2020-02-13,60206,1371,5793,53042,13645,253,1071,2.28,9.62,23.67,26
2020-02-14,66690,1523,7425,57742,6484,152,1632,2.28,11.13,20.51,27
2020-02-15,68765,1666,8645,58454,2075,143,1220,2.42,12.57,19.27,27
2020-02-16,70879,1770,10034,59075,2114,104,1389,2.5,14.16,17.64,27
2020-02-17,72815,1868,11634,59313,1936,98,1600,2.57,15.98,16.06,27
2020-02-18,74609,2008,13307,59294,1794,140,1673,2.69,17.84,15.09,27
2020-02-19,75030,2123,14985,57922,421,115,1678,2.83,19.97,14.17,28
2020-02-20,75577,2246,16912,56419,547,123,1927,2.97,22.38,13.28,28
2020-02-21,76206,2250,17432,56524,629,4,520,2.95,22.87,12.91,30
2020-02-22,77967,2457,21259,54251,1761,207,3827,3.15,27.27,11.56,30
2020-02-23,78290,2467,21666,54157,323,10,407,3.15,27.67,11.39,31
2020-02-24,78854,2627,23380,52847,564,160,1714,3.33,29.65,11.24,36
2020-02-25,79707,2707,25955,51045,853,80,2575,3.4,32.56,10.43,41
2020-02-26,80670,2767,28354,49549,963,60,2399,3.43,35.15,9.76,47
2020-02-27,82030,2810,31163,48057,1360,43,2809,3.43,37.99,9.02,51
2020-02-28,83415,2867,34526,46022,1385,57,3363,3.44,41.39,8.3,57
2020-02-29,85308,2936,37507,44865,1893,69,2981,3.44,43.97,7.83,61
2020-03-01,87690,2990,40351,44349,2382,54,2844,3.41,46.02,7.41,66
2020-03-02,89667,3079,43207,43381,1977,89,2856,3.43,48.19,7.13,73
2020-03-03,92251,3154,45786,43311,2584,75,2579,3.42,49.63,6.89,76
2020-03-04,94566,3249,48713,42604,2315,95,2927,3.44,51.51,6.67,82
2020-03-05,97322,3342,51320,42660,2756,93,2607,3.43,52.73,6.51,86
2020-03-06,101312,3454,53330,44528,3990,112,2010,3.41,52.64,6.48,95
2020-03-07,105330,3553,55774,46003,4018,99,2444,3.37,52.95,6.37,98
2020-03-08,109287,3797,58093,47397,3957,244,2319,3.47,53.16,6.54,103
2020-03-09,113240,3981,59871,49388,3953,184,1778,3.52,52.87,6.65,106
2020-03-10,118261,4261,61766,52234,5021,280,1895,3.6,52.23,6.9,109
2020-03-11,125969,4604,63882,57483,7708,343,2116,3.65,50.71,7.21,116
2020-03-12,131744,4910,65194,61640,5775,306,1312,3.73,49.49,7.53,118
2020-03-13,146075,5407,67080,73588,14331,497,1886,3.7,45.92,8.06,129
2020-03-14,157093,5827,69109,82157,11018,420,2029,3.71,43.99,8.43,144
2020-03-15,168324,6468,72506,89350,11231,641,3397,3.84,43.08,8.92,149
2020-03-16,182969,7146,74509,101314,14645,678,2003,3.91,40.72,9.59,155
2020-03-17,198677,7957,76740,113980,15708,811,2231,4.0,38.63,10.37,158
2020-03-18,217962,8860,79108,129994,19285,903,2368,4.06,36.29,11.2,163
2020-03-19,244912,9974,80683,154255,26950,1114,1575,4.07,32.94,12.36,167
2020-03-20,275241,11453,82554,181234,30329,1479,1871,4.16,29.99,13.87,175
2020-03-21,306987,13172,86151,207664,31746,1719,3597,4.29,28.06,15.29,177
2020-03-22,341059,14845,91830,234384,34072,1673,5679,4.35,26.92,16.17,182
2020-03-23,383905,16788,92296,274821,42846,1943,466,4.37,24.04,18.19,183
2020-03-24,425062,19068,97521,308473,41172,2280,5225,4.49,22.94,19.55,185
2020-03-25,475955,21866,101030,353059,50893,2798,3509,4.59,21.23,21.64,188
2020-03-26,538344,24882,105560,407902,62389,3016,4530,4.62,19.61,23.57,188
2020-03-27,603185,28377,110846,463962,64841,3495,5286,4.7,18.38,25.6,189
2020-03-28,670926,32091,114295,524540,67741,3714,3449,4.78,17.04,28.08,192
2020-03-29,730540,35561,120442,574537,59614,3470,6147,4.87,16.49,29.53,192
2020-03-30,795270,39609,129332,626329,64730,4048,8890,4.98,16.26,30.63,193
2020-03-31,871768,44354,136398,691016,76498,4745,7066,5.09,15.65,32.52,195
2020-04-01,947929,49849,145521,752559,76161,5495,9123,5.26,15.35,34.26,195
2020-04-02,1029274,56087,153963,819224,81346,6238,8442,5.45,14.96,36.43,196
2020-04-03,1112467,62191,162839,887437,83193,6104,8876,5.59,14.64,38.19,196
2020-04-04,1192975,68337,177072,947566,80508,6146,14233,5.73,14.84,38.59,197
2020-04-05,1264641,73526,184069,1007046,71666,5189,6997,5.81,14.56,39.94,200
2020-04-06,1337331,79467,197568,1060296,72690,5941,13499,5.94,14.77,40.22,201
2020-04-07,1414450,87698,209738,1117014,77119,8231,12170,6.2,14.83,41.81,201
2020-04-08,1498159,94450,222566,1181143,83709,6752,12828,6.3,14.86,42.44,201
2020-04-09,1584747,102223,236027,1246497,86588,7773,13461,6.45,14.89,43.31,201
2020-04-10,1672252,109615,251308,1311329,87505,7392,15281,6.55,15.03,43.62,202
2020-04-11,1749136,115840,269016,1364280,76884,6225,17708,6.62,15.38,43.06,202
2020-04-12,1846082,121657,280680,1443745,96967,5817,11664,6.59,15.2,43.34,202
2020-04-13,1915727,127573,300017,1488137,69645,5916,19337,6.66,15.66,42.52,202
2020-04-14,1985547,134552,316816,1534179,69820,6979,16799,6.78,15.96,42.47,202
2020-04-15,2066508,142903,343711,1579894,80961,8351,26895,6.92,16.63,41.58,202
2020-04-16,2163204,150206,364404,1648594,96696,7303,20693,6.94,16.85,41.22,202
2020-04-17,2250935,158572,382249,1710114,87731,8366,17845,7.04,16.98,41.48,202
2020-04-18,2324748,164585,402278,1757885,73829,6013,20029,7.08,17.3,40.91,202
2020-04-19,2405315,169846,426806,1808663,80567,5261,24528,7.06,17.74,39.79,202
2020-04-20,2478783,175710,440255,1862818,73468,5864,13449,7.09,17.76,39.91,202
2020-04-21,2553988,182901,467421,1903666,75205,7191,27166,7.16,18.3,39.13,202
2020-04-22,2631042,189628,487036,1954378,79259,6727,19615,7.21,18.51,38.94,202
2020-04-23,2719844,196469,506618,2016757,88802,6841,19582,7.22,18.63,38.78,202
2020-04-24,2806756,203126,544845,2058785,96946,6657,38227,7.24,19.41,37.28,202
2020-04-25,2891557,208758,566816,2115983,84801,5632,21971,7.22,19.6,36.83,202
2020-04-26,2964337,212692,588149,2163496,72781,3934,21333,7.18,19.84,36.16,202
2020-04-27,3033333,217366,607584,2208383,68996,4674,19435,7.17,20.03,35.78,202
2020-04-28,3108686,223913,632972,2251801,75458,6547,25388,7.2,20.36,35.37,202
2020-04-29,3185850,230641,661641,2293568,79678,6728,28669,7.24,20.77,34.86,202
2020-04-30,3269378,236543,717024,2315811,83528,5902,55383,7.24,21.93,32.99,204
2020-05-01,3356535,241706,747906,2366923,87157,5163,30882,7.2,22.28,32.32,204
2020-05-02,3437948,247189,777648,2413111,81580,5483,29742,7.19,22.62,31.79,204
2020-05-03,3515592,250678,803242,2461672,77644,3489,25594,7.13,22.85,31.21,204
2020-05-04,3591765,254792,828998,2507975,76174,4114,25756,7.09,23.08,30.73,204
2020-05-05,3671919,260698,857045,2554176,80154,5906,28047,7.1,23.34,30.42,204
2020-05-06,3761986,267261,891926,2602799,90067,6563,34881,7.1,23.71,29.96,204
2020-05-07,3851153,272563,922466,2656124,90750,5302,30540,7.08,23.95,29.55,204
2020-05-08,3942729,278038,951569,2713122,93057,5475,29103,7.05,24.13,29.22,204
2020-05-09,4028428,282271,993037,2753120,85699,4233,41468,7.01,24.65,28.43,204
2020-05-10,4104551,285858,1018879,2799814,76132,3587,25842,6.96,24.82,28.06,204
2020-05-11,4180899,289338,1055536,2836025,76405,3480,36657,6.92,25.25,27.41,204
2020-05-12,4264626,294873,1082748,2887005,83747,5535,27212,6.91,25.39,27.23,204
2020-05-13,4349465,299965,1128270,2921230,85066,5092,45522,6.9,25.94,26.59,205
2020-05-14,4446540,305155,1155980,2985405,97076,5190,27710,6.86,26.0,26.4,205
2020-05-15,4542970,310288,1194566,3038116,96430,5133,38586,6.83,26.29,25.97,205
2020-05-16,4638280,314408,1241181,3082691,95422,4120,46615,6.78,26.76,25.33,205
2020-05-17,4716594,317696,1274424,3124474,78314,3288,33243,6.74,27.02,24.93,205
2020-05-18,4805082,321396,1316646,3167040,88488,3700,42222,6.69,27.4,24.41,205
2020-05-19,4901720,326142,1359098,3216480,96847,4746,42452,6.65,27.73,24.0,205
2020-05-20,5004833,330910,1404912,3269011,103113,4768,45814,6.61,28.07,23.55,205
2020-05-21,5111128,335641,1444650,3330837,106399,4731,39738,6.57,28.26,23.23,205
2020-05-22,5217923,340835,1542314,3334774,106795,5194,97664,6.53,29.56,22.1,205
2020-05-23,5323236,344726,1586294,3392216,105313,3891,43980,6.48,29.8,21.73,205
2020-05-24,5418501,347854,1633760,3436887,95370,3128,47466,6.42,30.15,21.29,205
2020-05-25,5505570,349046,1688814,3467710,87441,1192,55054,6.34,30.67,20.67,205
2020-05-26,5598241,353164,1728570,3516507,92950,4118,39756,6.31,30.88,20.43,205
2020-05-27,5700993,358310,1777563,3565120,102752,5146,48993,6.29,31.18,20.16,205
2020-05-28,5820442,362928,1832770,3624744,119449,4618,55207,6.24,31.49,19.8,205
2020-05-29,5941637,367520,1897214,3676903,121195,4592,64444,6.19,31.93,19.37,205
2020-05-30,6079261,371594,1956151,3751516,137624,4074,58937,6.11,32.18,19.0,205
2020-05-31,6186655,374462,2024812,3787381,107394,2868,68661,6.05,32.73,18.49,205
2020-06-01,6282239,377538,2072229,3832472,95584,3076,47417,6.01,32.99,18.22,205
2020-06-02,6403203,382280,2161177,3859746,121804,4742,88948,5.97,33.75,17.69,205
2020-06-03,6521358,387729,2226989,3906640,118156,5449,65812,5.95,34.15,17.41,205
2020-06-04,6648273,392863,2284719,3970691,126915,5134,57730,5.91,34.37,17.2,205
2020-06-05,6779231,397437,2341044,4040750,130958,4574,56325,5.86,34.53,16.98,205
2020-06-06,6915019,401249,2400758,4113012,135788,3812,59714,5.8,34.72,16.71,205
2020-06-07,7026933,403990,2447223,4175720,111914,2741,46465,5.75,34.83,16.51,205
2020-06-08,7129351,407691,2591610,4130050,102418,3701,144387,5.72,36.35,15.73,205
2020-06-09,7253867,412546,2658489,4182832,124516,4855,66879,5.69,36.65,15.52,205
2020-06-10,7388410,417607,2722402,4248401,134543,5061,63913,5.65,36.85,15.34,205
2020-06-11,7526345,422306,2795700,4308339,137935,4699,73298,5.61,37.15,15.11,205
2020-06-12,7655408,426529,2863175,4365704,129063,4223,67475,5.57,37.4,14.9,205
2020-06-13,7791160,430706,2940014,4420440,135752,4177,76839,5.53,37.74,14.65,205
2020-06-14,7924369,434113,3002144,4488112,133209,3407,62130,5.48,37.88,14.46,205
2020-06-15,8043922,437543,3073379,4533000,119553,3430,71235,5.44,38.21,14.24,205
2020-06-16,8185732,444278,3158281,4583173,141811,6735,84902,5.43,38.58,14.07,205
2020-06-17,8327944,449380,3262429,4616135,142212,5102,104148,5.4,39.17,13.77,205
2020-06-18,8467964,454370,3330949,4682645,140020,4990,68520,5.37,39.34,13.64,205
2020-06-19,8648033,460529,3410533,4776971,180217,6159,79584,5.33,39.44,13.5,205
2020-06-20,8805854,464730,3512674,4828450,157821,4201,102141,5.28,39.89,13.23,205
2020-06-21,8934532,468731,3573657,4892144,128678,4001,60983,5.25,40.0,13.12,205
2020-06-22,9072519,472295,3657675,4942549,137987,3564,84018,5.21,40.32,12.91,205
2020-06-23,9237311,477523,3746483,5013305,164792,5228,88808,5.17,40.56,12.75,205
2020-06-24,9408757,482696,3844485,5081576,171633,5173,98002,5.13,40.86,12.56,205
2020-06-25,9586454,487395,3928128,5170931,177952,4699,83643,5.08,40.98,12.41,205
2020-06-26,9777825,492093,4022625,5263107,191371,4698,94497,5.03,41.14,12.23,205
2020-06-27,9956757,496558,4117320,5342879,179126,4465,94695,4.99,41.35,12.06,205
2020-06-28,10118903,499696,4198002,5421205,162868,3138,80682,4.94,41.49,11.9,205
2020-06-29,10275251,503419,4284706,5487126,156348,3723,86704,4.9,41.7,11.75,205
2020-06-30,10449091,508345,4389797,5550949,173840,4926,105091,4.86,42.01,11.58,205
2020-07-01,10666189,513275,4492015,5660899,217098,4930,102218,4.81,42.11,11.43,205
2020-07-02,10873676,518345,4767617,5587714,207487,5070,275602,4.77,43.85,10.87,205
2020-07-03,11077162,523281,4865389,5688492,203487,4936,97772,4.72,43.92,10.76,205
2020-07-04,11271213,527645,5048915,5694653,194409,4364,183526,4.68,44.79,10.45,205
2020-07-05,11454109,531117,5161115,5761877,182907,3472,112200,4.64,45.06,10.29,205
2020-07-06,11620061,534938,5278423,5806700,165952,3821,117308,4.6,45.43,10.13,205
2020-07-07,11830900,540968,5409236,5880696,210839,6030,130813,4.57,45.72,10.0,205
2020-07-08,12042725,546241,5554946,5941538,212118,5273,145710,4.54,46.13,9.83,205
2020-07-09,12270812,551654,5676755,6042403,228087,5413,121809,4.5,46.26,9.72,205
2020-07-10,12503201,556949,5805367,6140885,232389,5295,128612,4.45,46.43,9.59,205
2020-07-11,12719640,561734,5918577,6239329,216690,4785,113210,4.42,46.53,9.49,205
2020-07-12,12912401,565724,6022290,6324387,192777,3990,103713,4.38,46.64,9.39,205
2020-07-13,13104451,569537,6151898,6383016,192050,3813,129608,4.35,46.95,9.26,205
2020-07-14,13326230,575132,6282490,6468608,221841,5595,130592,4.32,47.14,9.15,205
2020-07-15,13557155,580566,6426948,6549641,230930,5434,144458,4.28,47.41,9.03,205
2020-07-16,13809716,586316,6564986,6658414,252564,5750,138038,4.25,47.54,8.93,205
2020-07-17,14051517,592972,6712845,6745700,241801,6656,147859,4.22,47.77,8.83,205
2020-07-18,14289352,598593,6853043,6837716,237998,5621,140198,4.19,47.96,8.73,205
2020-07-19,14504109,602645,6934583,6966881,214761,4052,81540,4.15,47.81,8.69,205
2020-07-20,14710251,606813,7086189,7017249,206142,4168,151606,4.13,48.17,8.56,205
2020-07-21,14943982,612982,7248761,7082239,233841,6169,162572,4.1,48.51,8.46,205
2020-07-22,15224420,619904,7411694,7192822,280438,6922,162933,4.07,48.68,8.36,205
2020-07-23,15507137,629801,7568241,7309095,282717,9897,156547,4.06,48.8,8.32,205
2020-07-24,15788329,635836,7781869,7370624,281192,6035,213628,4.03,49.29,8.17,205
2020-07-25,16044012,641382,7988713,7413917,255763,5546,206844,4.0,49.79,8.03,205
2020-07-26,16257334,645042,8121105,7491187,213322,3660,132392,3.97,49.95,7.94,205
2020-07-27,16483461,650217,8283719,7549525,226131,5175,162614,3.94,50.25,7.85,205
2020-07-28,16735982,656529,8440329,7639124,252521,6312,156610,3.92,50.43,7.78,205
2020-07-29,17025144,663102,8628635,7733407,289293,6573,188306,3.89,50.68,7.68,205
2020-07-30,17305778,669108,8789476,7847194,280634,6006,160841,3.87,50.79,7.61,205
2020-07-31,17595814,675297,8974984,7945533,290036,6189,185508,3.84,51.01,7.52,205
2020-08-01,17846829,680780,9146415,8019634,251076,5483,171431,3.81,51.25,7.44,205
2020-08-02,18075971,685071,9275708,8115192,229145,4291,129293,3.79,51.32,7.39,205
2020-08-03,18278031,689386,9488902,8099743,202205,4315,213194,3.77,51.91,7.27,205
2020-08-04,18536777,696334,9695924,8144519,258746,6948,207022,3.76,52.31,7.18,205
2020-08-05,18808007,703286,9904259,8200462,271317,6952,208335,3.74,52.66,7.1,205
2020-08-06,19093154,709771,10078878,8304505,285147,6485,174619,3.72,52.79,7.04,205
2020-08-07,19374065,716073,10257786,8400206,280911,6302,178908,3.7,52.95,6.98,205
2020-08-08,19633795,721483,10447514,8464798,259798,5410,189728,3.67,53.21,6.91,205
2020-08-09,19858045,726023,10617300,8514722,224252,4540,169786,3.66,53.47,6.84,205
2020-08-10,20085533,730957,10771290,8583286,227488,4934,153990,3.64,53.63,6.79,205
2020-08-11,20340360,737375,11064358,8538627,254893,6418,293068,3.63,54.4,6.66,205
2020-08-12,20617427,743983,11292590,8580854,277067,6608,228232,3.61,54.77,6.59,205
2020-08-13,20903376,750216,11444454,8708706,286053,6233,151864,3.59,54.75,6.56,205
2020-08-14,21207727,760350,11715904,8731473,304351,10134,271450,3.59,55.24,6.49,205
2020-08-15,21456079,765699,11872697,8817683,248352,5349,156793,3.57,55.33,6.45,205
2020-08-16,21668629,769887,12056582,8842160,212631,4188,183885,3.55,55.64,6.39,205
2020-08-17,21877724,774020,12259029,8844675,209095,4133,202447,3.54,56.03,6.31,205
2020-08-18,22133932,780893,12474351,8878688,256266,6873,215322,3.53,56.36,6.26,205
2020-08-19,22407465,787643,12679606,8940216,273587,6750,205255,3.52,56.59,6.21,205
2020-08-20,22674582,793668,12875492,9005422,267242,6025,195886,3.5,56.78,6.16,205
2020-08-21,22945303,799208,13032915,9113180,270721,5540,157423,3.48,56.8,6.13,205
2020-08-22,23199851,804371,13221698,9173782,254548,5163,188783,3.47,56.99,6.08,205
2020-08-23,23416759,808632,13425361,9182766,216908,4261,203663,3.45,57.33,6.02,205
2020-08-24,23643107,812982,13616736,9213389,226448,4350,191375,3.44,57.59,5.97,205
2020-08-25,23885138,819380,13836426,9229332,242031,6398,219690,3.43,57.93,5.92,205
2020-08-26,24172999,825664,14046593,9300742,287861,6284,210167,3.42,58.11,5.88,205
2020-08-27,24452197,831550,14234942,9385705,279215,5886,188349,3.4,58.22,5.84,205
2020-08-28,24733700,837064,14421488,9475148,282851,5514,186546,3.38,58.31,5.8,205
2020-08-29,24995707,842436,14622643,9530628,262131,5372,201155,3.37,58.5,5.76,205
2020-08-30,25221960,846337,14802834,9572789,226253,3901,180191,3.36,58.69,5.72,205
2020-08-31,25484018,850519,14995316,9638183,262058,4182,192482,3.34,58.84,5.67,205
2020-09-01,25748892,856999,15237796,9654097,264874,6480,242480,3.33,59.18,5.62,205
2020-09-02,26030660,863012,15445240,9722408,281780,6013,207444,3.32,59.33,5.59,205
2020-09-03,26304104,868717,15652450,9782937,273444,5705,207210,3.3,59.51,5.55,205
2020-09-04,26608730,874353,15844216,9890161,304626,5636,191766,3.29,59.55,5.52,205
